0.0364026
0.0362891
0.0362349
0.036243
0.0362459
0.0362626
0.03626
0.0362822
0.036271
0.0362867
0.0362492
0.038797
0.0363121
0.0362575
0.0363211
0.0362837
0.038778
0.0362759
0.0378235
0.0363246
0.0363354
0.0363191
0.0363459
0.0362516
0.0362204
0.0362005
0.0362592
0.0362674
0.0362526
0.0364331
0.0363307
0.0363341
0.059829
0.0562369
0.0417983
0.0363251
0.0363829
0.0362473
0.0362105
0.0467948
0.0362728
0.0362795
0.0362851
0.0530605
0.0413062
0.0364311
0.0542456
0.0599653
0.0460214
0.0362669
0.0468582
0.0362613
0.0363061
0.0425667
0.0363732
0.0373161
0.0479861
0.0362642
0.03626
0.0365042
0.0409028
0.0479937
0.046167
0.0363468
0.0454645
0.0362529
0.0362688
0.0362681
0.0362473
0.0491246
0.036272
0.0362715
0.0362816
0.036657
0.0363398
0.0362727
0.0362659
0.0362632
0.0362244
0.0369464
0.0363127
0.0362972
0.0363183
0.0649437
0.0362391
0.0457528
0.0459805
0.0362481
0.036255
0.0362612
0.0455167
0.0364283
0.0362351
0.0362113
0.0362404
0.0447404
0.0410013
0.0362243
0.044519
0.0551405
0.0468324
0.0520686
0.0362185
0.0457155
0.041969
0.0411932
0.0362039
0.0361995
0.0362171
0.0362074
0.0361675
0.0570671
0.0362484
0.0362627
0.0362312
0.036332
0.0362602
0.0362286
0.0362407
0.0363936
0.036259
0.0362128
0.0362288
0.036235
0.0362396
0.0434435
0.0362496
0.0363674
0.0361824
0.0361656
0.036217
0.0362281
0.0362353
0.0362008
0.0362197
0.0362167
0.0456541
0.0362341
0.0397193
0.0587696
0.0362256
0.0362184
0.0362654
0.0362183
0.0400582
0.044255
0.0362297
0.0362426
0.0414731
0.0362461
0.0397032
0.0397476
0.0362435
0.0362821
0.0375274
0.0362462
0.0362847
0.0362855
0.0362685
0.036384
0.0362802
0.0362476
0.0401755
0.0362795
0.036363
0.0362106
0.0362789
0.036388
0.036274
0.03631
0.0362809
0.0362323
0.0362486
0.0406887
0.0362502
0.0397302
0.0412314
0.0487625
0.0520355
0.0361747
0.0362432
0.0362317
0.0362119
0.0362392
0.0362596
0.0448162
0.040007
0.0396647
0.0491541
0.0362108
0.0428522
0.03621
0.0362152
0.0404529
0.0362251
0.0606839
0.0619369
0.0479867
0.0502261
0.0409516
0.0362265
0.0408654
0.0362305
0.03624
0.0362136
0.0362353
0.0419645
0.0362564
0.0362372
0.036239
0.036234
0.0397699
0.0559974
0.0362402
0.0457675
0.0362046
0.0409299
0.036278
0.0425945
0.0391422
0.0448338
0.0362509
0.0362234
0.0362279
0.0362186
0.0392508
0.0389632
0.0459719
0.0362684
0.0362345
0.0402544
0.0362295
0.0362108
0.0362406
0.0362266
0.0430488
0.0412002
0.0599243
0.0362321
0.0362319
0.0426167
0.0362383
0.0396511
0.0478473
0.0442536
0.0362364
0.0456742
0.0520314
0.0362405
0.041723
0.0438546
0.0399174
0.046532
0.0362263
0.0444256
0.0365068
0.0434464
0.0362264
0.0448232
0.0397532
0.0362075
0.0457751
0.0419903
0.0371996
0.0362146
0.0606209
0.0460808
0.0411264
0.0450114
0.0362081
0.0454832
0.0362595
0.0362492
0.0362226
0.0434787
0.0362253
0.0362299
0.0594457
0.0520314
0.0362279
0.0362403
0.0362329
0.0361959
0.0362209
0.0362197
0.0362085
0.036219
0.0362206
0.0362152
0.0362103
0.0362172
0.0482066
0.0362352
0.0406249
0.041162
0.036222
0.0362252
0.0362247
0.0362143
0.0362138
0.0362474
0.0434374
0.0361733
0.0362252
0.0536731
0.0500012
0.0418972
0.0579415
0.0362031
0.0362141
0.03623
0.0362251
0.0362166
0.0362334
0.036227
0.036249
0.0361853
0.0532494
0.0362622
0.044701
0.0508383
0.0362471
0.0362231
0.0362377
0.0401603
0.036231
0.0362327
0.036264
0.0361863
0.0432053
0.0362317
0.036236
0.036237
0.044204
0.0489312
0.0362302
0.0556397
0.0522876
0.0539578
0.0362196
0.0407185
0.0362051
0.036242
0.0403114
0.0362017
0.0409516
0.0362247
0.0362171
0.0362246
0.0362007
0.0401609
0.0362074
0.0362088
0.0362281
0.0393268
0.0457647
0.0373503
0.0362308
0.0362276
0.0392326
0.0402053
0.0362368
0.0362296
0.0362174
0.0421312
0.0444975
0.0362299
0.0361935
0.036278
0.0476166
0.0442551
0.0362441
0.0457604
0.0362623
0.0362381
0.0362449
0.0427226
0.0362244
0.0362206
0.0362404
0.0362214
0.0431504
0.0362331
0.0427557
0.0362265
0.0396453
0.0412558
0.03621
0.036247
0.0361929
0.0362203
0.0362211
0.0362206
0.0425787
0.0362826
0.0362251
0.0613617
0.0362434
0.0362297
0.0453512
0.0420006
0.0451829
0.0430731
0.0362118
0.0362227
0.0362074
0.0361929
0.0362218
0.0362408
0.0426168
0.0362152
0.0455334
0.0731319
0.0375548
0.0362234
0.0532867
0.0362316
0.036225
0.0564184
0.0411099
0.0397297
0.0362428
0.0457705
0.0459732
0.0362283
0.0457815
0.0459644
0.036236
0.0362311
0.0375614
0.0362219
0.0362426
0.0362344
0.0361991
0.0362141
0.036251
0.0362277
0.0405739
0.0362357
0.0362193
0.0362129
0.0361531
0.0460007
0.0561512
0.0389422
0.0448729
0.0411271
0.0468608
0.0500078
0.0362258
0.038877
0.0449076
0.0419995
0.0362392
0.0361974
0.0362206
0.0361771
0.0361779
0.0362172
0.0586685
0.0362293
0.0362073
0.036239
0.036217
0.0362447
0.0362106
0.0362276
0.036219
0.036202
0.0587796
0.0362285
0.0362463
0.036237
0.0362445
0.0362167
0.0362366
0.0362288
0.0362298
0.036224
0.0362408
0.0362487
0.0362299
0.0362134
0.0362309
0.0362369
0.0362543
0.0361739
0.0362489
0.0362083
0.0426422
0.0362349
0.0362176
0.0362383
0.0362346
0.03622
0.0362277
0.036256
0.0361761
0.0362134
0.0362471
0.0362436
0.0362187
0.0362173
0.036338
0.0416898
0.0362506
0.0362223
0.0362295
0.0362095
0.0362209
0.0396336
0.036816
0.0362638
0.0362314
0.0362332
0.0362219
0.036207
0.0362154
0.0362315
0.0362104
0.0361944
0.036205
0.036217
0.0362186
0.0362201
0.0412592
0.0362237
0.0362257
0.0362359
0.0361723
0.0361676
0.0362306
0.0437792
0.0362394
0.0362487
0.0362366
0.0362285
0.0362264
0.0362333
0.0362512
0.0362255
0.0362275
0.036234
0.0362254
0.0362184
0.0362235
0.0362372
0.036232
0.0362099
0.0362288
0.0362283
0.0362555
0.043205
0.0551705
0.0510152
0.0457655
0.052133
0.0362198
0.0362317
0.0362122
0.0362656
0.0362212
0.0362366
0.0362252
0.0361594
0.0362274
0.0362275
0.0362067
0.036222
0.0403231
0.0568961
0.0362262
0.0362175
0.0362255
0.0363082
0.0362221
0.0362373
0.0362287
0.0361939
0.0362163
0.0362438
0.0362333
0.0362105
0.0362205
0.0362222
0.0362388
0.0362246
0.0362038
0.0362253
0.0596135
0.0551962
0.0362193
0.036225
0.0362366
0.0362039
0.0362161
0.0362205
0.0362242
0.0361856
0.036222
0.0362026
0.0362394
0.040368
0.0601298
0.0430722
0.0362345
0.0415894
0.0362569
0.0362493
0.03623
0.0362016
0.0362361
0.0362352
0.0362281
0.0362355
0.0429508
0.036222
0.0362661
0.0362459
0.0512013
0.047214
0.036227
0.0362417
0.0423458
0.0362617
0.0362371
0.0362423
0.0362049
0.0361871
0.0362311
0.0387927
0.0362307
0.0362443
0.040407
0.0430427
0.0362332
0.0405926
0.0409193
0.0522784
0.0362442
0.036233
0.053447
0.0362153
0.0361946
0.0433929
0.039998
0.0499998
0.0362397
0.0396707
0.0362193
0.0362218
0.0362177
0.0695302
0.0607114
0.0407507
0.0439943
0.0391384
0.0451265
0.0437087
0.0391617
0.0400332
0.0362399
0.0465929
0.0531428
0.0362228
0.0362685
0.0362374
0.0361913
0.0409842
0.0431988
0.0362396
0.036232
0.0362352
0.036227
0.0362529
0.0362361
0.0362298
0.0362223
0.0362246
0.0362607
0.0362391
0.0361967
0.03623
0.0362337
0.0370021
0.0362368
0.0362269
0.0398466
0.036201
0.0362423
0.0361947
0.0362096
0.0361973
0.0362278
0.0362068
0.0362134
0.0361981
0.045979
0.0361928
0.0362258
0.0362396
0.0413677
0.036234
0.0362365
0.0362429
0.0362342
0.0361821
0.0362249
0.0362201
0.0362027
0.0362309
0.0450506
0.0363919
0.0362249
0.0362084
0.0362188
0.0362341
0.0362347
0.0362091
0.0362344
0.0362442
0.0362386
0.0362268
0.0361675
0.0362383
0.0666018
0.0620539
0.0430812
0.0362334
0.0362325
0.048591
0.0362228
0.0362591
0.0362397
0.0361784
0.0362285
0.0362381
0.0446384
0.0397034
0.0422905
0.0468384
0.0388408
0.0422953
0.0488986
0.0362479
0.0362286
0.0442921
0.039141
0.0428469
0.0362123
0.0362142
0.046689
0.038843
0.0542582
0.0362472
0.0362001
0.0362056
0.0362158
0.0362209
0.0362386
0.0416237
0.0362324
0.036216
0.0362399
0.039334
0.0497357
0.0652199
0.0362447
0.0362199
0.0362169
0.0362335
0.0362249
0.0467398
0.0362155
0.0362307
0.0362289
0.0362332
0.0362271
0.0362426
0.0396806
0.0648897
0.0362113
0.0362532
0.0692802
0.0461547
0.0362409
0.0362
0.0362099
0.0451514
0.0450501
0.0481697
0.0550343
0.0362253
0.0474737
0.0362243
0.0362195
0.0537338
0.0362177
0.0408223
0.0378171
0.0522103
0.0362186
0.0362261
0.0574808
0.0362166
0.0386003
0.0619206
0.0470167
0.0769666
0.0500475
0.0491957
0.0458878
0.0362588
0.0385717
0.0512573
0.0418736
0.0420192
0.0362337
0.0415712
0.0453078
0.0362276
0.0362346
0.0524926
0.0497113
0.0362331
0.0457787
0.0529589
0.0639969
0.052993
0.0542261
0.0362499
0.0362524
0.0423782
0.0362321
0.0496192
0.0449909
0.0460017
0.0362395
0.0408734
0.0362223
0.0428928
0.036227
0.0362202
0.0443915
0.0362022
0.0362294
0.0362054
0.0394016
0.0362425
0.0362337
0.0403019
0.0362393
0.0528009
0.0362407
0.0362233
0.0427504
0.0379884
0.03776
0.0361998
0.0388651
0.0479905
0.0362355
0.0417603
0.0362315
0.0388869
0.0387062
0.0362354
0.0362115
0.0362464
0.0362317
0.036194
0.0401112
0.0371524
0.0362525
0.0362268
0.0362153
0.0362415
0.0363817
0.0361836
0.0362431
0.0362337
0.0387388
0.0362239
0.0405993
0.0421212
0.036236
0.0362332
0.0362275
0.0362418
0.041812
0.0523193
0.0362183
0.0362346
0.036187
0.0362317
0.0362165
0.0362164
0.0362237
0.0362136
0.0362342
0.0528275
0.0362179
0.0362002
0.0362185
0.0361863
0.0361699
0.0362135
0.0362097
0.0362108
0.0362165
0.0362261
0.0362411
0.0362075
0.0452027
0.0373527
0.0362427
0.0362322
0.0563398
0.0362377
0.036226
0.0362242
0.0632805
0.0362448
0.0435674
0.0439994
0.0362365
0.0578479
0.0410905
0.03625
0.0427686
0.0362456
0.0362437
0.0362116
0.0362316
0.0468097
0.0439035
0.0362305
0.0362145
0.0362173
0.0362136
0.0430976
0.041195
0.0450946
0.0362257
0.0362211
0.0362289
0.0412314
0.0362245
0.0395077
0.0431496
0.0362389
0.0405915
0.0362062
0.0397754
0.0519955
0.036231
0.0540142
0.0362164
0.0477714
0.0362289
0.0646971
0.0362106
0.0362448
0.0362169
0.0362272
0.0398534
0.0519963
0.0362352
0.0362392
0.0362362
0.0494877
0.0409269
0.0362308
0.0408645
0.0362363
0.0407033
0.0410567
0.0479488
0.0389924
0.0362427
0.03622
0.0402732
0.036208
0.042044
0.0362363
0.0362201
0.0412466
0.0362135
0.0408976
0.0391143
0.0362268
0.0425839
0.0362129
0.0518589
0.0362268
0.0362423
0.0362086
0.0361834
0.0362261
0.0362332
