0.0563198
0.0574377
0.0650072
0.056715
0.0523567
0.0607502
0.0533079
0.0523197
0.0574456
0.0550342
0.0636936
0.0524044
0.0568109
0.057128
0.0524134
0.0582375
0.057097
0.0558808
0.0536111
0.052297
0.056305
0.0547546
0.0550392
0.0658997
0.0563177
0.0596608
0.0580435
0.0571382
0.0523181
0.0523506
0.0523498
0.0523532
0.0523791
0.0522418
0.0547505
0.0584106
0.054806
0.0570069
0.0598972
0.0679773
0.0569038
0.0610471
0.0523689
0.0685102
0.0622703
0.0597488
0.0581277
0.0522447
0.0617122
0.0523277
0.0735041
0.054963
0.0609983
0.0523112
0.0523034
0.0666398
0.0579003
0.0600069
0.0599304
0.0599716
0.0618487
0.0610673
0.0525649
0.0588016
0.0522802
0.0555715
0.0646667
0.057009
0.0522378
0.0758715
0.0522996
0.0523209
0.0603906
0.0688083
0.0649938
0.068074
0.0609316
0.0579669
0.0550482
0.072933
0.0550656
0.0621575
0.0578109
0.0522547
0.0757373
0.0732251
0.0649266
0.0578135
0.0569379
0.0563063
0.0639655
0.0522575
0.059433
0.0652226
0.0547394
0.0639972
0.0689871
0.0522235
0.0627673
0.058126
0.0542105
0.0676314
0.0522272
0.0522475
0.0575799
0.0712152
0.0609313
0.0709926
0.0569927
0.0578115
0.0609455
0.0601769
0.0522651
0.0522536
0.0522758
0.0523491
0.0536197
0.0702054
0.0522745
0.0565497
0.0541234
0.0522755
0.055734
0.0522721
0.0607135
0.0522589
0.053517
0.0524017
0.0635735
0.0610828
0.0522375
0.058661
0.0680718
0.0609083
0.0522237
0.0522552
0.0566466
0.0679893
0.0559824
0.0658436
0.0572075
0.0560259
0.0550161
0.0658425
0.0590803
0.0578129
0.0609359
0.0639975
0.0662165
0.0639867
0.0639698
0.0625454
0.0553268
0.0561887
0.05225
0.0556909
0.0687627
0.0679759
0.05701
0.0591697
0.0689307
0.052297
0.0522689
0.0563095
0.0689461
0.0600735
0.0670717
0.0629968
0.0750585
0.0608987
0.0559951
0.0581434
0.0627625
0.0609137
0.0571737
0.0551054
0.054021
0.0566963
0.0600271
0.0639914
0.0550769
0.06112
0.0757936
0.05228
0.0522549
0.0522555
0.0522325
0.0522834
0.0536
0.0659749
0.0522644
0.054584
0.054064
0.0547587
0.0581993
0.0522483
0.0522621
0.052265
0.0522561
0.0560199
0.0522581
0.0557367
0.0522638
0.0522674
0.0522146
0.0602111
0.0579128
0.0599855
0.056965
0.0558724
0.0560952
0.0571207
0.0858549
0.083999
0.0828603
0.0522931
0.0522632
0.0522577
0.0522442
0.0522472
0.0522569
0.0522718
0.0522355
0.0522674
0.0522545
0.0522621
0.0522409
0.0522578
0.0522527
0.052249
0.0522291
0.0522558
0.0522378
0.0522451
0.052219
0.0522655
0.0522587
0.0522718
0.0522341
0.0522475
0.0674979
0.0639842
0.052246
0.0538673
0.0522771
0.0522639
0.0594518
0.052283
0.0565259
0.0602759
0.0569465
0.0587594
0.0601798
0.0609445
0.0571167
0.0571207
0.0585664
0.0592454
0.0522674
0.0522742
0.0522427
0.063942
0.0552942
0.0557491
0.0569265
0.0572318
0.0578191
0.0522614
0.060661
0.0612235
0.0578182
0.0569409
0.0602814
0.0522476
0.055442
0.0612293
0.057814
0.0569381
0.0602766
0.0569706
0.0522669
0.0522277
0.0561746
0.0569611
0.052234
0.0644621
0.0562187
0.0522478
0.0522467
0.0522414
0.0601955
0.0522518
0.0522418
0.0522527
0.0522609
0.0522568
0.0522381
0.0522549
0.0522455
0.0549267
0.0588943
0.0589456
0.0522367
0.0522502
0.0522512
0.0522005
0.0522175
0.0522355
0.0522587
0.0522432
0.0522362
0.0657619
0.0522566
0.0531901
0.0522584
0.0522825
0.0522394
0.0522572
0.0522494
0.0522336
0.0522298
0.0522696
0.0522728
0.052223
0.0522334
0.0522593
0.0522604
0.0522517
0.0522733
0.0522505
0.0522575
0.0522306
0.0522622
0.0522605
0.0522563
0.0522523
0.0522782
0.0522642
0.0522227
0.0522612
0.0522369
0.0597979
0.0522487
0.0522493
0.0522407
0.0579439
0.0522348
0.0569949
0.0547639
0.0579539
0.0571415
0.0522728
0.0538197
0.0578258
0.056133
0.0547726
0.0611188
0.0560831
0.0550642
0.0522457
0.0626058
0.0610265
0.0660067
0.0522476
0.054666
0.0559351
0.0560578
0.058864
0.0774006
0.0578804
0.0597465
0.0611185
0.0599975
0.0566935
0.0522644
0.0557188
0.0579213
0.0639909
0.0522514
0.0548955
0.0560958
0.0522778
0.0522931
0.0522623
0.0522586
0.0522509
0.0634588
0.0611075
0.0568482
0.0609043
0.0750734
0.0559963
0.0531746
0.0619542
0.0648512
0.0559908
0.0531647
0.0547544
0.0522535
0.0522298
0.0522362
0.0593123
0.0560041
0.0628703
0.0562633
0.0567855
0.0522525
0.0522559
0.057552
0.0522444
0.0565815
0.0601799
0.0522456
0.0522734
0.0522657
0.0560959
0.0522605
0.0708182
0.0578483
0.0550298
0.052273
0.0558446
0.054761
0.0522641
0.0522655
0.0522576
0.0711762
0.0550576
0.0522692
0.0522722
0.0522487
0.0643097
0.0522638
0.0522572
0.052258
0.052248
0.0522653
0.0522413
0.0673752
0.0639771
0.0541166
0.0587816
0.0522734
0.0548975
0.0550513
0.0547584
0.0522646
0.0577946
0.058853
0.0522289
0.0522512
0.0546636
0.069146
0.0522328
0.0522341
0.0522218
0.0521917
0.0522282
0.052242
0.0522378
0.0522789
0.0522423
0.0698111
0.0522727
0.0522774
0.0522256
0.0522514
0.0522915
0.0522301
0.0522608
0.0522762
0.0522777
0.0522629
0.0522591
0.0522947
0.0522511
0.0681585
0.060929
0.0522568
0.052262
0.0532494
0.0612292
0.0578139
0.060928
0.0602933
0.0569308
0.0609731
0.0599948
0.0569351
0.0522655
0.0522589
0.0583123
0.061133
0.0600022
0.0540595
0.0547617
0.0642776
0.0522608
0.0522376
0.0564312
0.0550367
0.0588686
0.0522435
0.0578119
0.0558363
0.0712132
0.0522496
0.0647367
0.0522363
0.0522579
0.052214
0.0528921
0.0522724
0.0522724
0.0522708
0.0522077
0.0522508
0.052249
0.0522551
0.0522247
0.0522297
0.0522447
0.052252
0.0522485
0.052236
0.0522527
0.0522461
0.0522549
0.0522461
0.0522485
0.0522729
0.0522515
0.05225
0.0522567
0.0522612
0.0523089
0.0562955
0.0522854
0.0522596
0.052284
0.0522582
0.0522566
0.0522566
0.0522539
0.0668191
0.0522496
0.0546031
0.0560866
0.055067
0.0597396
0.0571824
0.0522678
0.0565635
0.0550392
0.0522382
0.0558973
0.0547554
0.0522347
0.0557531
0.0631411
0.0522894
0.05224
0.0552143
0.0522494
0.0565824
0.0562824
0.0547585
0.0689374
0.069197
0.052263
0.0522627
0.0565308
0.0587112
0.0682483
0.0522496
0.0555532
0.0561068
0.0522383
0.0522656
0.0644279
0.0549225
0.0819754
0.0615057
0.0584772
0.0550282
0.060933
0.0640159
0.0689412
0.0562426
0.0522614
0.0656271
0.0579002
0.0609448
0.0641684
0.0560935
0.0569751
0.0522547
0.052244
0.0582097
0.0720039
0.0612169
0.0522527
0.05225
0.0555061
0.0522503
0.0584688
0.0709659
0.0522441
0.0600457
0.0522668
0.0522403
0.0522492
0.0522571
0.0522399
0.0522518
0.052264
0.0522688
0.0522612
0.0596272
0.0522685
0.0522483
0.0522622
0.054047
0.052274
0.0522705
0.0522769
0.0522264
0.0522657
0.0522363
0.0522922
0.0522573
0.0522369
0.0522749
0.0522192
0.0522625
0.0522581
0.052262
0.0522326
0.0522591
0.0522684
0.052295
0.0522633
0.052244
0.0522421
0.05226
0.0522331
0.0522281
0.0522407
0.0522214
0.0522001
0.0522493
0.0522577
0.0555941
0.0522725
0.0557283
0.0522545
0.0522701
0.0522356
0.0522581
0.0522508
0.0522622
0.0522333
0.0522632
0.052242
0.055633
0.0639081
0.0568417
0.0531829
0.052271
0.0522801
0.0522529
0.0522786
0.0522737
0.0522672
0.0522729
0.0522887
0.0522714
0.0522553
0.0522236
0.0522591
0.0522681
0.0522565
0.0522771
0.0522472
0.0522657
0.0522474
0.0522537
0.0522629
0.0522565
0.0522736
0.0522506
0.052247
0.052252
0.0591073
0.0522686
0.0522423
0.0657152
0.0522618
0.0522459
0.0522492
0.0522526
0.0522435
0.0522518
0.0522093
0.0522584
0.0522552
0.0522442
0.0522285
0.0568981
0.0611267
0.0560933
0.0569684
0.0709349
0.0597792
0.052282
0.0569526
0.0578057
0.0560891
0.0522797
0.052258
0.0543104
0.0522323
0.0588567
0.0541738
0.0608641
0.0569445
0.0522584
0.0522712
0.0534832
0.0688447
0.0532021
0.0540471
0.0522849
0.0557012
0.0559496
0.0522555
0.052253
0.057375
0.0559099
0.0522612
0.0606521
0.0522118
0.055775
0.052238
0.0522577
0.0522679
0.0522709
0.0522479
0.055704
0.0578097
0.0522475
0.0538827
0.0578444
0.0522265
0.052244
0.0522709
0.0592242
0.0559338
0.0611366
0.0522523
0.0522546
0.065242
0.0601889
0.059112
0.052257
0.0529158
0.052298
0.0593834
0.0522681
0.0522821
0.0564841
0.0522836
0.0522497
0.0613444
0.063998
0.0639896
0.0688181
0.052226
0.0578099
0.0579473
0.0601784
0.0522555
0.0522586
0.0522599
0.0522425
0.0522628
0.0522797
0.052622
0.0568856
0.0522827
0.0522576
0.058137
0.0601692
0.0570443
0.0577993
0.0611326
0.0522565
0.0557652
0.052263
0.052257
0.0522487
0.0522061
0.0589589
0.0522612
0.0522617
0.0522353
0.0522651
0.0522543
0.0522472
0.0522385
0.052267
0.0522565
0.0523001
0.0522214
0.0522677
0.0522763
0.0522734
0.0522674
0.0522683
0.0522729
0.0522503
0.052269
0.0522687
0.05572
0.0522645
0.0606562
0.0569327
0.0578167
0.0611303
0.0639837
0.0601007
0.0567856
0.0609322
0.0619561
0.0522249
0.0522582
0.0522603
0.0522441
0.0661288
0.0522518
0.0522905
0.0572292
0.0578268
0.0611169
0.0522449
0.0522599
0.0595719
0.0569673
0.0522655
0.0522554
0.060393
0.0522544
0.052286
0.0603857
0.0522525
0.0605649
0.0601967
0.0569245
0.0579132
0.0691225
0.0522609
0.0522623
0.0522519
0.0522408
0.0522643
0.0522585
0.0522657
0.0521941
0.0522693
0.0522678
0.0522658
0.0522618
0.0522548
0.0522566
0.0521997
0.0522781
0.0522651
0.0522698
0.0522145
0.0522654
0.0522722
0.0522489
0.0522605
0.0522617
0.0522611
0.0522075
0.0522597
0.0522412
0.0522517
0.0522325
0.0521956
0.0522532
0.0522257
0.0522401
0.0522702
0.0522605
0.0522382
0.0523632
0.0522598
0.062732
0.0522572
0.0522835
0.0522482
0.0522391
0.0522498
0.0522588
0.0522337
0.0521954
0.0522562
0.057258
0.0522572
0.0582415
0.0522679
0.0522691
0.052229
0.0522172
0.0522808
0.0522404
0.0522501
0.052212
0.0522588
0.0522595
0.0522493
0.0522234
0.0522549
0.0522607
0.0522506
0.0522157
0.0522665
0.0522429
0.0522595
0.0522611
0.052255
0.0522742
0.0522399
0.0522699
0.0522502
0.0522511
0.0522157
0.0522528
0.05224
0.0522364
0.0522305
0.0522492
0.0522446
0.0522289
0.0522532
0.0522508
0.0522491
0.0706424
0.0524256
0.052256
0.0540409
0.0559846
0.0522555
0.0569206
0.0522647
0.0522515
0.0670345
0.071243
0.0579405
0.0682767
0.0522631
0.0557653
0.060906
0.0578098
0.0740692
0.0578553
0.0660086
0.0681127
0.0538484
0.0701956
0.0617829
0.0602927
0.0639868
0.0639939
0.060942
0.0578045
0.0609399
0.0700921
0.0590769
0.0550906
0.0597004
0.063993
0.0612622
0.0639819
0.0679433
0.0523046
0.0784643
0.0839991
0.06322
0.0522456
0.0522581
0.0565486
0.0578347
0.0531516
0.0522624
0.0577222
0.0522428
0.0522624
