0.0835396
0.07432
0.0682403
0.0745651
0.068222
0.0786348
0.0682723
0.0759754
0.0682413
0.0717113
0.0757329
0.0682159
0.0682574
0.0682367
0.0747194
0.0682563
0.0682281
0.0740914
0.0682055
0.0681887
0.0682063
0.0682157
0.0681879
0.0682335
0.0682309
0.0682565
0.0681925
0.0682178
0.0682036
0.0682276
0.0682107
0.0682511
0.0723129
0.0682463
0.0682139
0.0682111
0.0682245
0.068239
0.0682134
0.0682163
0.0682597
0.068244
0.0682354
0.0682216
0.0682165
0.0682332
0.0682223
0.0681869
0.0681658
0.0683278
0.0682189
0.0681972
0.0682354
0.06821
0.0682328
0.0682425
0.0682353
0.0682064
0.0682741
0.068223
0.0681863
0.0682218
0.0682254
0.0683002
0.0681679
0.0682438
0.0682116
0.0682611
0.0682005
0.0682168
0.0682406
0.0682264
0.0682275
0.0682115
0.0682357
0.0682591
0.0682444
0.0682011
0.0682223
0.068239
0.0682249
0.0682027
0.0681695
0.068219
0.0682419
0.0682749
0.0682505
0.0682386
0.0682154
0.068219
0.0681957
0.0682046
0.0682153
0.06822
0.0682108
0.0682226
0.0682228
0.0682273
0.0682298
0.0682012
0.0682317
0.0682062
0.0682426
0.0682391
0.0682053
0.0682157
0.0987148
0.0682192
0.0682261
0.0682087
0.0681869
0.0682242
0.0682397
0.0755683
0.0711234
0.0682359
0.0725561
0.0682407
0.0708738
0.0828434
0.068232
0.0728814
0.0682211
0.0826381
0.0719927
0.0682369
0.0728704
0.0830884
0.0806825
0.0681712
0.0682295
0.0887285
0.070784
0.0720581
0.0681627
0.0869073
0.0720463
0.0682203
0.0768589
0.068244
0.068231
0.0694828
0.0682724
0.0737503
0.068219
0.0826315
0.0719359
0.0760617
0.0799334
0.0749328
0.0811097
0.0811135
0.0682187
0.0846753
0.08301
0.0789011
0.0760377
0.0682285
0.0682514
0.0794922
0.0879915
0.0810316
0.0839903
0.0722815
0.0706111
0.0711762
0.0739627
0.0845389
0.0714195
0.0682761
0.0682224
0.0834891
0.0728676
0.0682179
0.0708427
0.0837704
0.0760025
0.0682049
0.08006
0.0682361
0.0697573
0.0768329
0.0839943
0.0710965
0.068211
0.0735896
0.0681729
0.0728994
0.0682141
0.0737489
0.0740701
0.0682179
0.0695121
0.0681765
0.0740731
0.0682159
0.0687344
0.0730014
0.0879977
0.0759939
0.0770933
0.0737636
0.0771188
0.0682278
0.0808729
0.0748192
0.0731233
0.068233
0.0715527
0.0791252
0.0682265
0.0708758
0.081687
0.0780574
0.0682368
0.072811
0.0682274
0.0737823
0.068225
0.0777933
0.0770725
0.0682354
0.0695476
0.0681637
0.0682224
0.0778129
0.0757045
0.0682035
0.0760699
0.0739461
0.0728918
0.0730695
0.0681998
0.0827075
0.075984
0.0779913
0.0682275
0.0728879
0.0737708
0.068177
0.0738235
0.0681624
0.082046
0.0729006
0.0710783
0.0682302
0.0766418
0.0682225
0.0745898
0.0682278
0.0809617
0.0779899
0.0682395
0.0682336
0.0835011
0.0742067
0.0682243
0.068224
0.0681935
0.0759157
0.0681874
0.0779306
0.0685821
0.0682332
0.0777891
0.0682295
0.0682322
0.0682394
0.0682338
0.0682183
0.0681992
0.0682057
0.0682092
0.068219
0.06819
0.0682183
0.0682109
0.0682251
0.0682163
0.0681598
0.0682278
0.0682062
0.0682293
0.0682057
0.0681636
0.0682157
0.0736886
0.0681563
0.0682204
0.0682112
0.0681995
0.0771056
0.0712324
0.0707933
0.0682097
0.0682083
0.0775196
0.0771311
0.0682172
0.0681877
0.0827134
0.0728683
0.0759943
0.0708398
0.084108
0.0682349
0.0682077
0.0725697
0.0708411
0.0711481
0.0769618
0.0778662
0.0820562
0.0681643
0.0682119
0.0682497
0.0792943
0.0751509
0.0682557
0.0726262
0.0682215
0.0768524
0.070024
0.0768724
0.068221
0.0837647
0.0710813
0.0808325
0.0811583
0.0682236
0.0682271
0.0682368
0.0741183
0.0743213
0.06825
0.0682367
0.0681896
0.0769711
0.0879926
0.0782475
0.0682277
0.0682173
0.085276
0.0712087
0.0887759
0.0880549
0.0702214
0.072852
0.0810821
0.0682014
0.073843
0.0682084
0.0746258
0.0808575
0.0682083
0.0684434
0.0695825
0.0737338
0.0682184
0.0682212
0.0682309
0.0853494
0.0762225
0.0682098
0.0682372
0.0873594
0.0682287
0.0717062
0.0740112
0.0682323
0.0819646
0.068224
0.0682448
0.0711976
0.0811524
0.0740504
0.0730654
0.0682511
0.0682117
0.0732826
0.070003
0.0721596
0.0682441
0.0915155
0.0721051
0.0682151
0.0756536
0.0891476
0.0749536
0.068248
0.0682224
0.0954507
0.0770939
0.0682124
0.0726255
0.0780422
0.0682145
0.0682096
0.0735641
0.0699801
0.0686277
0.0682421
0.0831063
0.0841997
0.0797302
0.068208
0.0800614
0.0682045
0.0755025
0.0712008
0.0739913
0.0810124
0.0682229
0.0682309
0.0735826
0.0739571
0.0682408
0.0682364
0.0743835
0.088003
0.0771204
0.0682313
0.0682278
0.0735186
0.0682376
0.0814872
0.0682425
0.068238
0.0746848
0.0735494
0.0832964
0.0682259
0.0779249
0.0682338
0.0727312
0.0682183
0.0867821
0.0682304
0.0735464
0.0682488
0.0737772
0.0681656
0.0682181
0.0682252
0.068223
0.0833601
0.0682167
0.0755435
0.0681659
0.0769077
0.0771526
0.069684
0.0681388
0.0798492
0.0759964
0.071191
0.0682336
0.0765544
0.0799921
0.071212
0.068203
0.071782
0.0739943
0.081026
0.0682473
0.0734814
0.0682265
0.0729647
0.0682445
0.0725445
0.068236
0.0682386
0.0737154
0.0682163
0.0727398
0.0707935
0.0712434
0.089893
0.068249
0.0682151
0.0743574
0.0732105
0.0770537
0.068218
0.0774922
0.0891468
0.0708929
0.0740111
0.0739217
0.0802754
0.0729117
0.068211
0.0785708
0.0681396
0.0682081
0.0682149
0.0876403
0.0718181
0.0681757
0.0682086
0.0846887
0.0682154
0.0698443
0.0728298
0.0730789
0.0730945
0.0681745
0.0682028
0.0734158
0.0739902
0.0681751
0.0860093
0.0797883
0.0782491
0.0682116
0.0854554
0.0712015
0.068195
0.0682399
0.068212
0.0681722
0.0682213
0.0682062
0.0682079
0.0682201
0.0682192
0.0682264
0.0682158
0.0682031
0.0681746
0.068202
0.0729693
0.0697975
0.0682284
0.0800421
0.069967
0.0768801
0.06826
0.0738022
0.0699088
0.075113
0.0737266
0.0871388
0.0711518
0.0682061
0.0697689
0.0728524
0.076002
0.0682023
0.0826874
0.0710719
0.0711504
0.0708575
0.0739702
0.0682352
0.0728736
0.0769348
0.068227
0.0745651
0.0722592
0.0828455
0.0711438
0.0808411
0.0789192
0.0681797
0.0698075
0.068227
0.0768558
0.0682234
0.0706052
0.0842404
0.0809331
0.0697911
0.070226
0.0739662
0.0730185
0.07692
0.0699835
0.0720428
0.0839998
0.0710343
0.0739804
0.078905
0.078903
0.068202
0.0888754
0.0711609
0.0682226
0.0734531
0.0720521
0.0681652
0.068232
0.0786665
0.0682129
0.0726376
0.0682117
0.0682213
0.0682124
0.0693739
0.0782038
0.0682
0.0758161
0.0729126
0.0682191
0.0682074
0.0682384
0.0682219
0.0724822
0.0736337
0.0708673
0.0848413
0.0732038
0.0730579
0.0682208
0.0737259
0.0682101
0.0682289
0.0764505
0.0748533
0.0911289
0.0771372
0.06824
0.0682499
0.0743503
0.0682217
0.0682581
0.0706736
0.0682406
0.081416
0.0791972
0.0711201
0.0682229
0.0746055
0.073969
0.0755465
0.0764381
0.0709476
0.076149
0.0758107
0.07707
0.0731447
0.0717423
0.0699554
0.0682323
0.0697354
0.0682229
0.0682168
0.0758338
0.0682102
0.0682139
0.0712787
0.091179
0.0682082
0.0837664
0.0748712
0.0722071
0.068255
0.0696799
0.0701058
0.073931
0.0828477
0.0789572
0.0701125
0.0682305
0.0956005
0.0682316
0.0682168
0.0866044
0.0682346
0.0728426
0.0682388
0.0746547
0.0731173
0.0682232
0.0784446
0.0751324
0.0682365
0.0682428
0.0682361
0.0723623
0.0740074
0.0682134
0.0682202
0.0726025
0.0699932
0.0682174
0.08191
0.0682437
0.0805377
0.0739907
0.0682318
0.0682137
0.0682167
0.0681809
0.0681565
0.0682171
0.0682351
0.0682196
0.0682061
0.0681991
0.0739171
0.0682148
0.0682181
0.0682302
0.0682008
0.068238
0.0682189
0.0682152
0.0681781
0.0799887
0.0682239
0.068213
0.0682303
0.0682346
0.0682487
0.0682223
0.0682379
0.0682309
0.0682162
0.0682447
0.0682463
0.0682413
0.0681993
0.0682231
0.0682369
0.0682373
0.06817
0.0682327
0.0682298
0.0682203
0.0682212
0.0682325
0.068227
0.0682448
0.0682358
0.0682428
0.068237
0.0682246
0.0682083
0.0682271
0.0682308
0.0682046
0.0682334
0.0681546
0.0682101
0.0682272
0.0795275
0.0712278
0.0682107
0.0682287
0.0682098
0.0682176
0.0682192
0.0682153
0.0682262
0.0681705
0.06821
0.0869689
0.0681972
0.068221
0.0682196
0.0682029
0.0682044
0.0682515
0.0682406
0.0682198
0.0682335
0.0682331
0.0682217
0.0682207
0.0682118
0.0682377
0.0682394
0.0760276
0.0682461
0.0681825
0.068228
0.0682402
0.0682364
0.068199
0.0682318
0.0682256
0.0682229
0.0682377
0.0682226
0.068221
0.0682257
0.0682295
0.0682193
0.068233
0.0682175
0.0682393
0.0681894
0.0682291
0.0682201
0.0682118
0.068206
0.0681441
0.0682118
0.0682048
0.0717087
0.0682214
0.0682344
0.0682038
0.0681755
0.0682175
0.0682354
0.0682404
0.0933531
0.0682253
0.0682352
0.0682109
0.068227
0.0682267
0.0682328
0.0682414
0.0681877
0.0682857
0.068751
0.0682735
0.068255
0.0682654
0.0681854
0.0682428
0.0682424
0.0682325
0.0681656
0.0681646
0.0682402
0.0682469
0.0682348
0.0681933
0.0718956
0.0682393
0.0682587
0.0682379
0.0681761
0.0682321
0.068192
0.0682134
0.068211
0.0682141
0.0682041
0.0682245
0.0682167
0.0681963
0.0682242
0.068214
0.0682244
0.0682297
0.068233
0.0682501
0.0682126
0.0682276
0.0681873
0.0681525
0.0682103
0.0682211
0.0682346
0.0682098
0.0682267
0.0682374
0.0682153
0.0682203
0.0682273
0.068236
0.0682247
0.068227
0.0682176
0.0682235
0.0682227
0.0682391
0.0682249
0.0682279
0.0682469
0.0682367
0.0682293
0.0682241
0.0682341
0.0682297
0.06821
0.0682487
0.0682258
0.0682318
0.0682094
0.0682155
0.0682276
0.0682071
0.0682171
0.0682157
0.0682376
0.0726545
0.0682551
0.0682422
0.0682124
0.068213
0.0682195
0.0682079
0.0682097
0.0724147
0.0682207
0.0682169
0.0682382
0.0682282
0.0682237
0.0682188
0.0682253
0.0682396
0.0681851
0.0682361
0.0682293
0.0682291
0.0681811
0.0681768
0.0682275
0.0682178
0.0682289
0.0682105
0.0682256
0.0690042
0.0682471
0.0682345
0.0682491
0.0682401
0.0682614
0.0682314
0.068227
0.068223
0.0682338
0.0682273
0.0681456
0.068227
0.0682339
0.0682404
0.0682502
0.0681854
0.0682358
0.0682364
0.0682114
0.0682276
0.0682185
0.0682368
0.0682332
0.0682256
0.0751866
0.0682245
0.0682379
0.0682146
0.0681868
0.0682273
0.0682204
0.0682404
0.0681948
0.0681707
0.0682313
0.0682279
0.0682182
0.0681976
0.0682224
0.0682524
0.0682502
0.0682317
0.0682195
0.0682281
0.0682364
0.0682194
0.0682708
0.0682475
0.0682243
0.0681725
0.0682151
0.0682286
0.0682229
0.0682199
0.0682346
0.0682556
0.0682417
0.0682311
0.0682177
0.0682304
0.0682432
0.0682132
0.0681792
0.0682471
0.0682364
0.0682376
0.0682032
0.0682274
0.0682169
0.0682222
0.0682247
0.0681869
0.0691496
0.068273
0.0682115
0.0681923
0.0682518
0.0682272
0.0682286
0.0682484
