0.0036077
0.0150882
0.00642268
0.00352085
0.00350107
0.00351358
0.00351085
0.00471366
0.00351396
0.00348929
0.00347849
0.00347868
0.00349503
0.0035142
0.00349332
0.00409861
0.00419419
0.00349789
0.00349424
0.00349401
0.00348824
0.00351508
0.00350366
0.00347929
0.00476181
0.00351883
0.00355641
0.0035348
0.0035256
0.00350761
0.00351616
0.00354535
0.00417758
0.00421415
0.00351223
0.00352628
0.0034919
0.00350404
0.00351794
0.00352462
0.00353025
0.00467369
0.00350841
0.00351945
0.0035182
0.00350459
0.00358754
0.00350722
0.00350551
0.00408723
0.00421326
0.00349851
0.00350695
0.00349865
0.00348474
0.00349974
0.00348064
0.00348542
0.00469276
0.00349535
0.00346736
0.00352399
0.00352105
0.00356931
0.00351193
0.00348682
0.00414351
0.00418767
0.00349867
0.00349218
0.00349549
0.00350422
0.00348306
0.0035145
0.00350939
0.00464131
0.00355001
0.00351243
0.00352133
0.00352115
0.00364386
0.00351445
0.003521
0.00417368
0.00423638
0.00351739
0.00359401
0.00352757
0.00350809
0.00353646
0.00348546
0.00362311
0.00480045
0.00354516
0.00350257
0.00359103
0.00349234
0.00359934
0.00351321
0.00361006
0.00375085
0.0036138
0.00353803
0.00352836
0.00360214
0.00351257
0.00352287
0.00351361
0.00358244
0.00469135
0.00360018
0.00350631
0.00353288
0.00354472
0.00351603
0.00360565
0.00351299
0.00411475
0.00353554
0.00352529
0.00351281
0.00364766
0.00353851
0.00352054
0.00351821
0.00350096
0.00444895
0.00363962
0.00362958
0.00350296
0.00351105
0.00349817
0.00357953
0.00351851
0.00412415
0.00420782
0.00350054
0.00350803
0.00349549
0.00366228
0.0035236
0.00351388
0.00351
0.00475626
0.00361979
0.00361993
0.00350488
0.00351755
0.0035367
0.00352685
0.00361569
0.00375116
0.00372451
0.00352118
0.00351243
0.00364812
0.00358436
0.00352994
0.00351389
0.00351558
0.00408991
0.00355844
0.00354312
0.00358893
0.00688488
0.0035855
0.00362087
0.00418935
0.0043403
0.00358275
0.00362522
0.00358879
0.00357356
0.00362292
0.00354948
0.00372936
0.00365011
0.00356946
0.00356719
0.00367168
0.00357107
0.00357628
0.00354368
0.00354853
0.00428178
0.00362993
0.00356192
0.00356976
0.00354463
0.00358822
0.00354838
0.00357057
0.00355224
0.00467611
0.0035493
0.00354117
0.00357379
0.00358065
0.00357883
0.00355619
0.00355045
0.00380252
0.00358936
0.00356755
0.00358175
0.00358108
0.00358017
0.00356805
0.00355346
0.00353896
0.0046507
0.00357483
0.00356871
0.00357207
0.00356979
0.0035688
0.00355752
0.00356697
0.00373101
0.00358944
0.00358215
0.0035629
0.00355954
0.00355336
0.00354242
0.00355363
0.00354205
0.00461745
0.00355209
0.0035644
0.00355093
0.00356505
0.00354162
0.0035429
0.00355871
0.00455653
0.00411191
0.00355357
0.0035675
0.00356763
0.00356418
0.00355404
0.00355503
0.00357258
0.00466576
0.00356642
0.00357902
0.00355289
0.00357359
0.00354633
0.00356418
0.00357781
0.00378147
0.0037248
0.00357988
0.00383798
0.00354913
0.00355239
0.00354469
0.00353332
0.00369218
0.00371399
0.00362104
0.00356175
0.00358473
0.00358411
0.0225229
0.00355985
0.00353462
0.00352649
0.00351315
0.00350466
0.00350365
0.00374071
0.00350982
0.00352043
0.00350645
0.0035022
0.00350812
0.00349898
0.00350518
0.00410794
0.00415665
0.00348838
0.0035175
0.00349815
0.00347648
0.00348637
0.00350604
0.00350135
0.0046155
0.00349359
0.00350278
0.00350707
0.00349065
0.00351158
0.00350421
0.00350822
0.00410004
0.00398643
0.00349252
0.0035185
0.00350727
0.00350142
0.00351559
0.00350967
0.00348882
0.00471205
0.00375644
0.0035017
0.00355904
0.00349689
0.00359716
0.00418095
0.00355111
0.00376842
0.00357742
0.00352556
0.00361973
0.00353553
0.00351314
0.00359268
0.00351872
0.00352429
0.00468708
0.00354259
0.00350558
0.00360792
0.00351998
0.00350563
0.00353052
0.00354216
0.00426272
0.00362753
0.00366568
0.00351249
0.0035147
0.00350452
0.00359418
0.003516
0.0035152
0.00433599
0.00351104
0.00355741
0.0035038
0.00356889
0.00349313
0.0035987
0.00350674
0.00364552
0.00400728
0.00349765
0.00352408
0.00350064
0.00357965
0.00350363
0.00351367
0.00349773
0.00416705
0.00414039
0.00351718
0.00350556
0.00351088
0.00351845
0.00350905
0.00351528
0.00351193
0.00451734
0.00351067
0.00349609
0.00354182
0.00352934
0.00351803
0.0035191
0.00350378
0.00413524
0.00416448
0.0108462
0.00351293
0.00351707
0.00352888
0.00349869
0.00403682
0.00352372
0.003525
0.00351771
0.00350492
0.00363995
0.00352033
0.00351695
0.0041228
0.00417173
0.00351688
0.00356461
0.003513
0.00353393
0.00351694
0.00349686
0.00358802
0.00466919
0.00366082
0.00352042
0.00349894
0.00348821
0.0035825
0.00350822
0.00350234
0.00446139
0.00359641
0.00352079
0.00351856
0.00358068
0.00349571
0.00352409
0.00352006
0.00360421
0.00480565
0.00364503
0.00350489
0.00352942
0.00352512
0.00351855
0.00350578
0.00351633
0.00413171
0.00415974
0.00363172
0.00348702
0.00354918
0.00351517
0.00351741
0.00352737
0.00351441
0.00464574
0.0127326
0.0035933
0.00353737
0.00352807
0.00352048
0.00472018
0.00352799
0.00354452
0.00352262
0.00355116
0.00352351
0.00352032
0.00352878
0.0041089
0.00426023
0.00354231
0.00352031
0.0035324
0.00358926
0.00352867
0.00351212
0.00350263
0.00473163
0.00359157
0.00354344
0.00351436
0.00352273
0.00352352
0.00352411
0.00353239
0.00410934
0.00427553
0.00360924
0.00355077
0.00353018
0.00353003
0.00353301
0.00354615
0.00367192
0.00464337
0.00354109
0.00364677
0.0035458
0.00377716
0.00355546
0.00354875
0.0035563
0.00393202
0.00376153
0.00355286
0.00354403
0.00354705
0.00353795
0.00353579
0.00354673
0.00352697
0.00468159
0.00354736
0.00354587
0.00354614
0.00348514
0.00351826
0.00351445
0.00353314
0.0040648
0.00415583
0.0035272
0.00352534
0.00360651
0.00353399
0.00350985
0.00351601
0.00350661
0.00470276
0.00354451
0.00352573
0.00351382
0.00411094
0.00355016
0.00377729
0.00353282
0.00484789
0.00359329
0.00352384
0.00353374
0.0035238
0.00353177
0.00353795
0.00351927
0.00351897
0.0043644
0.00355063
0.0189769
0.0035793
0.00474809
0.00359738
0.00354256
0.00355702
0.00354749
0.00353956
0.00354843
0.00368512
0.00437418
0.00404216
0.00468353
0.00362511
0.00358053
0.00356672
0.00358612
0.00356485
0.00449602
0.00420019
0.00356943
0.00356088
0.00356044
0.0035644
0.00355637
0.00356614
0.00356513
0.00448334
0.00358205
0.00357172
0.00355106
0.00357168
0.00356262
0.00356493
0.0035614
0.00408572
0.00419143
0.00358423
0.00357515
0.0035715
0.0035695
0.00355646
0.00354016
0.00356858
0.00460571
0.00358248
0.00355281
0.00353966
0.00356206
0.00354812
0.00362637
0.00355127
0.00408369
0.00409361
0.00356257
0.00354849
0.00351682
0.00371887
0.00356896
0.00356038
0.00355295
0.00461885
0.00357456
0.00356388
0.00355959
0.00358926
0.00358378
0.00354193
0.00353145
0.00407668
0.00412612
0.00355853
0.00371088
0.0035588
0.00761979
0.00356706
0.00437524
0.00437186
0.00364837
0.00356531
0.0035687
0.00356516
0.00370061
0.00356537
0.00357608
0.00475551
0.00367853
0.00356492
0.00355421
0.00357422
0.00366504
0.00359514
0.00357904
0.00417968
0.00389023
0.00358223
0.00361337
0.00367517
0.003561
0.00363593
0.00356775
0.00358493
0.00453213
0.00360699
0.00358237
0.00358104
0.00424846
0.00367043
0.00358571
0.00358283
0.00453395
0.00393717
0.0035708
0.0036141
0.00356685
0.0035578
0.00355841
0.00355258
0.00389076
0.00385656
0.00355851
0.00355952
0.00354549
0.00356241
0.00355683
0.00355461
0.0035616
0.00443723
0.00358741
0.00354375
0.00353987
0.00372124
0.00357889
0.00355259
0.00353908
0.00415223
0.00397503
0.00355268
0.00357074
0.00358308
0.00357263
0.00356003
0.00353733
0.00357685
0.00470167
0.00358081
0.00357772
0.00356484
0.00357245
0.00356528
0.00357101
0.0036214
0.00477432
0.00361092
0.00362437
0.00365695
0.0035902
0.00354957
0.00357149
0.00365804
0.00384546
0.00397647
0.00357244
0.00356266
0.00357139
0.00355192
0.0036329
0.00354798
0.00357226
0.00456901
0.00363533
0.00354847
0.00360384
0.00352988
0.00356397
0.0035504
0.00355909
0.0046832
0.00355671
0.00356499
0.00356167
0.00365854
0.00354115
0.00363893
0.00355922
0.0123744
0.00353524
0.00362132
0.00356221
0.00355734
0.00354161
0.00352708
0.00445411
0.00355608
0.00363644
0.00353655
0.0035091
0.00355228
0.00360576
0.00355214
0.00476881
0.00359162
0.00364183
0.00358608
0.00353878
0.00354029
0.00354948
0.00362842
0.00405156
0.00438005
0.00356218
0.00361996
0.00353853
0.00352833
0.0035171
0.00359501
0.00352772
0.00481326
0.00354772
0.00353376
0.00354987
0.00353946
0.00361348
0.00354523
0.00353012
0.00444536
0.00356541
0.00352541
0.00360189
0.00352953
0.00353004
0.00352282
0.00353378
0.0042489
0.00424065
0.00356294
0.00353812
0.00363268
0.00355098
0.00354993
0.00355162
0.00363256
0.005102
0.0191477
0.0035688
0.00351722
0.00470634
0.00353533
0.00353584
0.00350076
0.00359419
0.00351841
0.00351574
0.00350819
0.00409443
0.00383955
0.00364621
0.00350939
0.00355743
0.00354834
0.00354816
0.00354805
0.00359371
0.00408654
0.00353281
0.00351396
0.00351137
0.00359115
0.00349702
0.00349356
0.0035233
0.00406269
0.00418688
0.00352349
0.00361412
0.00350841
0.00350199
0.00351459
0.00358629
0.00349197
0.004582
0.00352178
0.00350039
0.00353579
0.00350413
0.00357851
0.00353723
0.00353604
0.00409429
0.00427073
0.00351942
0.00360623
0.00351886
0.00352351
0.00351332
0.00351094
0.00362015
0.00470873
0.00352283
0.00351673
0.00349764
0.00352102
0.00352293
0.00350684
0.0035093
0.00408996
0.00357432
0.00352046
0.00352446
0.00350995
0.00351625
0.00353556
0.00350606
0.00358004
0.00370475
0.00356905
0.00351318
0.00349269
0.00360982
0.00348105
0.00350446
0.0035069
0.0034935
0.004544
0.00361562
0.00350173
0.0035142
0.00349321
0.00349815
0.00358518
0.00350654
0.00406628
0.00351782
0.00362097
0.00350137
0.00352645
0.00351955
0.00350992
0.0036211
0.00352776
0.00465239
0.00351367
0.00353303
0.00349581
0.00363552
0.0035265
0.00352328
0.00352405
0.00409499
0.00419737
0.00352508
0.00349087
0.00352949
0.00352892
0.00347783
0.00351421
0.00351585
0.0044853
0.00350725
0.00351402
0.00351479
0.00351264
0.00349623
0.00349673
0.0034968
0.00401373
0.00403786
0.00350409
0.00350014
0.00349437
0.00351163
0.00349245
0.00349965
0.00349403
0.00462203
0.00351525
0.00349396
0.00349112
0.00349305
0.00350837
0.00350863
0.00349387
0.00408728
0.0042124
0.00352548
0.00352353
0.00350827
0.00351853
0.00349278
0.00349321
0.00352454
0.0044781
0.0035046
0.00352453
0.00350298
0.00351468
0.00351802
0.00351014
0.00350447
0.00409513
0.00355591
0.00352399
0.00353345
0.00352901
0.00350947
0.00350046
0.00352264
0.0035144
0.00380134
0.00356516
0.00350961
0.00350877
0.00350704
0.00350759
0.0194732
0.00356729
0.00352878
0.00349902
0.00404961
0.00352285
0.00352396
0.00377135
0.00382891
0.00355315
0.00354499
0.00352372
0.00352494
0.00352845
0.00351886
0.00353538
0.00459456
0.00353692
0.00351695
0.0035711
0.00360903
0.00355248
0.00355301
0.00355739
0.00398724
0.00430192
0.00355081
0.00355266
0.00352976
0.00354057
0.00353041
0.00353646
0.00355545
0.00386168
0.00358435
0.00353066
0.00352382
0.00352648
0.00354471
0.00354775
0.00354242
0.0041095
0.00404867
0.00353273
0.00353752
0.00351342
0.00352624
0.00353305
0.00349876
0.00353479
0.00373362
0.00351022
0.00351789
0.00353417
0.00353268
0.00352097
0.00351791
0.00350187
0.00350867
0.00421426
