0.0204911
0.0203045
0.0202705
0.0202642
0.0202127
0.0202092
0.0202255
0.0202316
0.0202467
0.0282815
0.0202152
0.0202049
0.0202122
0.0202562
0.0203969
0.0220932
0.0215827
0.0354097
0.0246572
0.0203437
0.0235799
0.0203316
0.020265
0.0202598
0.0202757
0.020871
0.0203171
0.0316061
0.0202742
0.0203409
0.0343052
0.0204234
0.0203465
0.0203116
0.0276688
0.0242019
0.0202591
0.0202473
0.0202412
0.0212692
0.0380262
0.0276952
0.0242876
0.0202636
0.0202262
0.0202441
0.0321982
0.0259499
0.0278359
0.0203323
0.0206983
0.0202352
0.0202331
0.0202697
0.0222031
0.0202313
0.0202346
0.0201953
0.0203043
0.0202578
0.0202085
0.0202295
0.0201926
0.0203235
0.0202529
0.020229
0.0202085
0.0202123
0.0202431
0.0202368
0.0202322
0.0272785
0.0202261
0.0202567
0.0202181
0.0202118
0.0202564
0.0202378
0.0202408
0.020636
0.0202551
0.0202331
0.0202415
0.0202281
0.0202414
0.0202358
0.0202575
0.0202206
0.020237
0.0202169
0.0202081
0.0202319
0.0202462
0.0201964
0.0202156
0.020235
0.0317477
0.0202366
0.0202205
0.0202132
0.0202233
0.0202187
0.020276
0.0263929
0.0202632
0.0202328
0.0202607
0.0351473
0.0262385
0.0457446
0.0222167
0.0239997
0.0202563
0.0202433
0.020236
0.0202377
0.0202501
0.0257208
0.0350724
0.0202631
0.0202301
0.0201975
0.0202344
0.0248563
0.0309578
0.0251387
0.0202502
0.0203534
0.0202219
0.0202223
0.0205593
0.0202252
0.0202703
0.0212653
0.0202976
0.0202911
0.0202748
0.0202567
0.0202406
0.0202532
0.0202419
0.0202409
0.0202505
0.0202269
0.0202198
0.0202335
0.0202164
0.0202276
0.0540675
0.0202853
0.0202623
0.0202102
0.0280569
0.0308455
0.0202606
0.0202256
0.020241
0.0202238
0.0261394
0.020247
0.0202911
0.0203358
0.0202428
0.0202567
0.0202577
0.0202353
0.0202367
0.0202426
0.0202258
0.0202069
0.0202449
0.0279705
0.0202589
0.0202304
0.0202115
0.0201785
0.0202184
0.0202283
0.0274997
0.0259756
0.0202337
0.0202446
0.0202259
0.0201756
0.0202534
0.0202246
0.0202216
0.0202276
0.0202355
0.0209327
0.0202239
0.0202058
0.0202263
0.0202275
0.0202337
0.0298272
0.0348616
0.0410519
0.0300054
0.020263
0.0202309
0.0202461
0.0201968
0.0201952
0.0202219
0.0202749
0.0202603
0.0202312
0.0202499
0.0202514
0.0202361
0.0201939
0.0260056
0.0202417
0.0202445
0.0203538
0.0202598
0.0202363
0.020239
0.0201966
0.0202394
0.0202392
0.0202364
0.0201858
0.0202354
0.0237635
0.0202255
0.0202476
0.020227
0.0202158
0.0201999
0.0202452
0.0202319
0.0202339
0.0202305
0.0202325
0.020238
0.0354287
0.0201529
0.0202182
0.0202492
0.0202273
0.0202021
0.0202414
0.0204856
0.020254
0.0202407
0.0202453
0.0202475
0.0202515
0.0270402
0.0202414
0.0202413
0.020271
0.020262
0.0204965
0.02025
0.0202098
0.0202393
0.0202259
0.0202175
0.0202758
0.020253
0.0202422
0.0202514
0.0202134
0.0202426
0.0355122
0.0202621
0.0202312
0.0202161
0.0202382
0.0201982
0.0206219
0.023254
0.0202562
0.0202912
0.0202819
0.0203189
0.0202745
0.0202345
0.0201838
0.0202443
0.0202417
0.0202356
0.0202405
0.0202316
0.0202261
0.0202394
0.020657
0.0202661
0.0202475
0.0271001
0.020237
0.0202246
0.0202355
0.0201765
0.0202288
0.0202172
0.0202409
0.0201682
0.0202046
0.0202321
0.020232
0.0202325
0.028074
0.0442137
0.0202611
0.0202244
0.0202355
0.0202258
0.0202446
0.0202273
0.0202349
0.0201758
0.029846
0.0350405
0.0361445
0.0202788
0.0202526
0.0202232
0.0202648
0.0202308
0.0202551
0.0202361
0.0202321
0.020249
0.0202487
0.049435
0.0202417
0.020257
0.0202277
0.0202122
0.0202325
0.0246298
0.0202152
0.0202305
0.0257182
0.0202852
0.0202627
0.0203518
0.0202314
0.0202267
0.0202496
0.0202267
0.020219
0.0202601
0.0202259
0.0202091
0.0201852
0.0202424
0.0202292
0.0202124
0.0201945
0.0202145
0.0202324
0.0203065
0.0202046
0.0202358
0.0202303
0.0202343
0.0202426
0.0202929
0.0202264
0.0202629
0.0201956
0.020995
0.0202306
0.0202586
0.0202625
0.0202778
0.0202568
0.0202304
0.0202296
0.0202014
0.0202546
0.0202324
0.0202342
0.0202173
0.0202431
0.0202358
0.0202335
0.0201811
0.020249
0.0202467
0.0205256
0.0202794
0.0268229
0.0203357
0.0202606
0.0202262
0.0202182
0.0202276
0.0202196
0.0202851
0.0254542
0.0202264
0.020226
0.0202423
0.0202624
0.0202733
0.0202134
0.0202474
0.0202378
0.0202754
0.0202176
0.0202488
0.020235
0.0202859
0.020223
0.0202429
0.0202322
0.020232
0.0202496
0.0208798
0.0202466
0.0288474
0.020266
0.0202296
0.0204772
0.0260789
0.0202607
0.020251
0.0202367
0.0202365
0.0202456
0.020242
0.0202543
0.0202384
0.0338598
0.0431526
0.0202379
0.0202523
0.0202382
0.0202328
0.0202334
0.02023
0.020244
0.0202452
0.0202318
0.0202357
0.020226
0.0202844
0.0261031
0.0202781
0.0496103
0.0348623
0.0202241
0.0202166
0.0202504
0.0202239
0.0202474
0.0238465
0.02019
0.0202335
0.0304883
0.0672885
0.0202336
0.0202337
0.0202115
0.0202364
0.0202523
0.0202665
0.0202925
0.0202376
0.0268376
0.0202407
0.0235649
0.030179
0.0202582
0.020262
0.0202298
0.0293232
0.0202427
0.0202471
0.0202228
0.0202442
0.0202507
0.0202416
0.0202226
0.0202066
0.0202325
0.0202338
0.0207971
0.0202455
0.0202296
0.0202279
0.0202211
0.0202238
0.0202323
0.0271093
0.0202553
0.0202316
0.0202293
0.0202537
0.0201979
0.0202391
0.0202304
0.0202512
0.0263116
0.0202735
0.0202334
0.0202096
0.0201902
0.0202194
0.0202203
0.020229
0.0201948
0.0202579
0.020234
0.0202207
0.0207508
0.0202683
0.0202576
0.0202375
0.0364719
0.0460479
0.0202326
0.0237871
0.0202176
0.0202307
0.0312388
0.0442084
0.0310212
0.0329635
0.0288502
0.0201805
0.0202253
0.0325351
0.0202262
0.0202329
0.0202301
0.0202337
0.0202421
0.0202721
0.0247099
0.0202417
0.0202238
0.0202366
0.02024
0.0202273
0.0202241
0.0202533
0.02731
0.0202326
0.0202095
0.020222
0.0202089
0.0202219
0.0202317
0.0202291
0.0202336
0.0202447
0.0202301
0.0202461
0.0202174
0.0202376
0.0202223
0.0202107
0.020234
0.0271461
0.0202424
0.0202183
0.020223
0.0202582
0.020201
0.0202254
0.0202339
0.0234268
0.0202347
0.0202218
0.0202286
0.0201987
0.0202474
0.0203691
0.0203944
0.0202652
0.0202523
0.0202668
0.0202484
0.0202349
0.0202556
0.020234
0.0201989
0.020244
0.0278335
0.0202278
0.0202328
0.0202276
0.0202202
0.0202201
0.0203706
0.0201885
0.025087
0.0207721
0.0202288
0.0202477
0.020237
0.0202289
0.0202438
0.0202302
0.0202282
0.0202359
0.0201718
0.0202054
0.0202189
0.0202269
0.0202355
0.0201924
0.020225
0.0508152
0.0357978
0.02021
0.0202399
0.0202505
0.0202445
0.0202266
0.0202485
0.0202051
0.0202406
0.0202412
0.0202362
0.0202479
0.0202541
0.0202409
0.0202281
0.0202229
0.0202404
0.0202602
0.02024
0.0202324
0.0202353
0.0202521
0.0280539
0.0258536
0.0202667
0.0202384
0.0202453
0.0202021
0.0202379
0.0202437
0.0202496
0.0201604
0.0202387
0.0202307
0.0203629
0.0201993
0.0201831
0.0202302
0.0202277
0.0202194
0.0201931
0.020227
0.0202246
0.0202191
0.0202132
0.0202131
0.0202467
0.0202173
0.0274366
0.0202351
0.0202354
0.0202323
0.02023
0.0202544
0.0227758
0.0202483
0.0202519
0.0202507
0.0202463
0.0202223
0.0202385
0.0202874
0.0202399
0.02022
0.0202465
0.0202315
0.0281636
0.0211712
0.0202359
0.020264
0.0202361
0.0202491
0.0202326
0.0236382
0.0202365
0.0202328
0.0202367
0.0202175
0.0202387
0.02383
0.0202269
0.020231
0.0202298
0.0202348
0.0202325
0.0202342
0.0202382
0.0202062
0.0202123
0.0202364
0.0202239
0.0202085
0.0202173
0.0202008
0.0202121
0.0202309
0.0201846
0.0202213
0.0327032
0.0202336
0.0202329
0.0202243
0.0202144
0.020204
0.0410081
0.0397545
0.0202375
0.0202572
0.0258178
0.0202554
0.0202487
0.0202279
0.0202474
0.0202465
0.0202393
0.020247
0.0202449
0.0202661
0.020228
0.0313978
0.0277288
0.0222197
0.0202459
0.0202224
0.020257
0.0370068
0.0262359
0.0203524
0.0202439
0.0202159
0.0202217
0.0496984
0.0202263
0.0202406
0.0202062
0.0202298
0.0202345
0.0202258
0.0202347
0.0292784
0.0202294
0.0202357
0.0202158
0.0202542
0.020221
0.0202319
0.0202324
0.0201817
0.0201592
0.0202273
0.0202086
0.0202184
0.0202351
0.0202309
0.0256655
0.0202805
0.0202237
0.0202463
0.0354039
0.0202427
0.0202439
0.0202359
0.020221
0.0202462
0.0202359
0.0202324
0.0250265
0.0251658
0.037986
0.0202298
0.0202325
0.0202336
0.0202213
0.020238
0.0202289
0.0202464
0.0202047
0.0230072
0.0203674
0.020229
0.0202472
0.0202091
0.0202253
0.0202345
0.020232
0.0201817
0.0201797
0.020231
0.0202325
0.0202453
0.0373245
0.020244
0.0202323
0.0271858
0.0350693
0.0202295
0.0202258
0.0256945
0.0280344
0.0202339
0.0202176
0.0374374
0.0202466
0.0255503
0.0202469
0.0240249
0.0257307
0.0271028
0.0251868
0.0202453
0.0202471
0.0382935
0.0300901
0.0202681
0.0202278
0.020246
0.065118
0.0329243
0.0270643
0.0251788
0.0202303
0.0202367
0.0201888
0.0202313
0.0203432
0.0203007
0.0208113
0.020242
0.0202189
0.0202385
0.026266
0.0230689
0.0218778
0.0529338
0.03369
0.0297827
0.0236688
0.0234924
0.0285695
0.0520202
0.0242454
0.0203919
0.0202869
0.0215538
0.0203116
0.0202736
0.0203337
0.0203038
0.0202603
0.0202426
0.020297
0.0202804
0.0202707
0.0202914
0.0202751
0.0202445
0.020243
0.0202523
0.0202576
0.0202278
0.0202334
0.0202485
0.0202677
0.020225
0.0401254
0.0227917
0.0283491
0.0202531
0.0202715
0.035098
0.0341174
0.020666
0.0282186
0.0289946
0.0512086
0.0205053
0.0202864
0.0201973
0.0202545
0.0344621
0.027221
0.0202519
0.0297364
0.0209056
0.0205912
0.0209548
0.0202417
0.0201911
0.0202083
0.0212729
0.0212581
0.0202256
0.0318569
0.0211458
0.0206471
0.0276256
0.0291972
0.0202646
0.0310782
0.0351276
0.0207005
0.0202372
0.0202304
0.0202437
0.0202336
0.0201908
0.0202121
0.0202591
0.02023
0.0202479
0.020247
0.0202443
0.0202362
0.0202011
0.0202312
0.0202224
0.0211917
0.020546
0.0207443
0.0208791
0.0209544
0.020385
0.020261
0.0209357
0.0516677
0.0306336
0.0204747
0.0202406
0.020273
0.0202309
0.0205103
0.0202866
0.0206699
0.0202565
0.0206435
0.0202382
0.0202286
0.0202398
0.0202188
0.0202153
0.0202278
0.0201937
0.0202115
0.0202391
0.0202265
0.0202469
0.0202166
0.0202239
0.020251
0.0202321
0.020195
0.0202622
0.0202274
0.0202366
0.0273801
0.0202777
0.0202301
0.0281646
0.0202333
0.0203825
0.0203178
0.0202351
0.0202461
0.0209528
0.0203553
0.020566
0.0202544
0.0202522
0.0202817
0.0365864
0.0201845
0.0202214
0.032538
0.0301934
0.0202625
0.0206352
0.0202732
0.0395677
0.0241308
0.020262
0.0202236
0.0202219
0.0202021
0.0301067
0.0202414
0.0202357
0.0202273
0.0202102
0.0202266
